#id lon lat neg 120 200 300 600 1000 1800 3600 pos 120 200 300 600 1000 1800 3600 prof name area previd #globalid
idn0000 15.8545282724 37.9164270292 neg 3.04 1.43 1.16 1.04 1.01 1.00 1.00 pos 2.52 1.80 1.29 1.04 1.01 1.00 1.00 real MED med8782 8782 id01856
idn0001 15.8354923861 37.9151572153 neg 3.04 1.43 1.16 1.04 1.01 1.00 1.00 pos 2.52 1.80 1.29 1.04 1.01 1.00 1.00 real MED med8782 8782 id01856
idn0002 15.8156051958 37.9139998182 neg 3.04 1.43 1.16 1.04 1.01 1.00 1.00 pos 2.52 1.80 1.29 1.04 1.01 1.00 1.00 real MED med8782 8782 id01856
idn0003 15.7961425124 37.9143924183 neg 3.04 1.43 1.16 1.04 1.01 1.00 1.00 pos 2.52 1.80 1.29 1.04 1.01 1.00 1.00 real MED med8782 8782 id01856
idn0004 15.7839087241 37.9114112287 neg 3.04 1.43 1.16 1.04 1.01 1.00 1.00 pos 2.52 1.80 1.29 1.04 1.01 1.00 1.00 real MED med8782 8782 id01856
idn0005 15.7657744968 37.9148471653 neg 3.04 1.43 1.16 1.04 1.01 1.00 1.00 pos 2.52 1.80 1.29 1.04 1.01 1.00 1.00 real MED med8782 8782 id01856
idn0006 15.7486656874 37.9236500168 neg 3.04 1.43 1.16 1.04 1.01 1.00 1.00 pos 2.52 1.80 1.29 1.04 1.01 1.00 1.00 real MED med8782 8782 id01856
idn0007 15.7298490639 37.9270583283 neg 3.04 1.43 1.16 1.04 1.01 1.00 1.00 pos 2.52 1.80 1.29 1.04 1.01 1.00 1.00 real MED med8782 8782 id01856
idn0008 15.7114170436 37.9341642235 neg 3.04 1.43 1.16 1.04 1.01 1.00 1.00 pos 2.52 1.80 1.29 1.04 1.01 1.00 1.00 real MED med8782 8782 id01856
idn0009 15.6961697818 37.9463903033 neg 3.04 1.43 1.16 1.04 1.01 1.00 1.00 pos 2.52 1.80 1.29 1.04 1.01 1.00 1.00 real MED med8782 8782 id01856
idn0010 15.6779309139 37.9527705657 neg 3.04 1.43 1.16 1.04 1.01 1.00 1.00 pos 2.52 1.80 1.29 1.04 1.01 1.00 1.00 real MED med8782 8782 id01856
idn0011 15.6651317541 37.9675627803 neg 3.04 1.43 1.16 1.04 1.01 1.00 1.00 pos 2.52 1.80 1.29 1.04 1.01 1.00 1.00 real MED med8782 8782 id01856
idn0012 15.6518799345 37.9811273349 neg 3.04 1.43 1.16 1.04 1.01 1.00 1.00 pos 2.52 1.80 1.29 1.04 1.01 1.00 1.00 real MED med8782 8782 id01856
idn0013 15.6408415274 37.9961693998 neg 3.04 1.43 1.16 1.04 1.01 1.00 1.00 pos 2.52 1.80 1.29 1.04 1.01 1.00 1.00 real MED med8782 8782 id01856
idn0014 15.6334767218 38.014562704 neg 3.04 1.43 1.16 1.04 1.01 1.00 1.00 pos 2.52 1.80 1.29 1.04 1.01 1.00 1.00 real MED med8782 8782 id01856
idn0015 15.6476369999 38.0255872265 neg 3.04 1.43 1.16 1.04 1.01 1.00 1.00 pos 2.52 1.80 1.29 1.04 1.01 1.00 1.00 real MED med8782 8782 id01856
idn0016 15.6545734296 38.040030493 neg 5.21 4.87 3.88 3.01 1.33 1.07 1.02 pos 4.17 3.54 3.02 2.33 1.59 1.15 1.02 real MED med9123 9123 id01888
idn0017 15.6494284529 38.0564598403 neg 5.21 4.87 3.88 3.01 1.33 1.07 1.02 pos 4.17 3.54 3.02 2.33 1.59 1.15 1.02 real MED med9123 9123 id01888
idn0018 15.6397564154 38.0694023187 neg 5.21 4.87 3.88 3.01 1.33 1.07 1.02 pos 4.17 3.54 3.02 2.33 1.59 1.15 1.02 real MED med9123 9123 id01888
idn0019 15.6304639875 38.086288853 neg 5.21 4.87 3.88 3.01 1.33 1.07 1.02 pos 4.17 3.54 3.02 2.33 1.59 1.15 1.02 real MED med9123 9123 id01888
idn0020 15.6345926513 38.1039402582 neg 5.21 4.87 3.88 3.01 1.33 1.07 1.02 pos 4.17 3.54 3.02 2.33 1.59 1.15 1.02 real MED med9123 9123 id01888
idn0021 15.6459463111 38.1189950056 neg 5.21 4.87 3.88 3.01 1.33 1.07 1.02 pos 4.17 3.54 3.02 2.33 1.59 1.15 1.02 real MED med9123 9123 id01888
idn0022 15.6533461469 38.136310713 neg 5.21 4.87 3.88 3.01 1.33 1.07 1.02 pos 4.17 3.54 3.02 2.33 1.59 1.15 1.02 real MED med9123 9123 id01888
idn0023 15.6489881031 38.1539877427 neg 5.23 4.34 3.62 1.64 1.08 1.04 1.01 pos 4.36 3.77 3.20 2.13 1.37 1.09 1.01 real MED med8767 8767 id01855
idn0024 15.6387960313 38.1696444313 neg 5.23 4.34 3.62 1.64 1.08 1.04 1.01 pos 4.36 3.77 3.20 2.13 1.37 1.09 1.01 real MED med8767 8767 id01855
idn0025 15.6323273819 38.1866432897 neg 5.23 4.34 3.62 1.64 1.08 1.04 1.01 pos 4.36 3.77 3.20 2.13 1.37 1.09 1.01 real MED med8767 8767 id01855
idn0026 15.6303104524 38.2065010963 neg 5.23 4.34 3.62 1.64 1.08 1.04 1.01 pos 4.36 3.77 3.20 2.13 1.37 1.09 1.01 real MED med8767 8767 id01855
idn0027 15.6245695121 38.2245654535 neg 5.23 4.34 3.62 1.64 1.08 1.04 1.01 pos 4.36 3.77 3.20 2.13 1.37 1.09 1.01 real MED med8767 8767 id01855
idn0028 15.6409619437 38.2331284971 neg 5.23 4.34 3.62 1.64 1.08 1.04 1.01 pos 4.36 3.77 3.20 2.13 1.37 1.09 1.01 real MED med8767 8767 id01855
idn0029 15.6597026863 38.2377994086 neg 5.23 4.34 3.62 1.64 1.08 1.04 1.01 pos 4.36 3.77 3.20 2.13 1.37 1.09 1.01 real MED med8767 8767 id01855
idn0030 15.6761033519 38.2471646633 neg 5.23 4.34 3.62 1.64 1.08 1.04 1.01 pos 4.36 3.77 3.20 2.13 1.37 1.09 1.01 real MED med8767 8767 id01855
idn0031 15.6953673641 38.2510836417 neg 5.23 4.34 3.62 1.64 1.08 1.04 1.01 pos 4.36 3.77 3.20 2.13 1.37 1.09 1.01 real MED med8767 8767 id01855
idn0032 15.7145226178 38.2556009566 neg 5.23 4.34 3.62 1.64 1.08 1.04 1.01 pos 4.36 3.77 3.20 2.13 1.37 1.09 1.01 real MED med8767 8767 id01855
idn0033 15.2435 37.127784498 neg 4.91 4.95 3.71 1.57 1.21 1.06 1.02 pos 4.03 3.45 3.00 2.16 1.27 1.07 1.03 real MED med9167 9167 id01893
idn0034 15.2557357775 37.1377675158 neg 4.91 4.95 3.71 1.57 1.21 1.06 1.02 pos 4.03 3.45 3.00 2.16 1.27 1.07 1.03 real MED med9167 9167 id01893
idn0035 15.2405565299 37.1470355493 neg 4.91 4.95 3.71 1.57 1.21 1.06 1.02 pos 4.03 3.45 3.00 2.16 1.27 1.07 1.03 real MED med9167 9167 id01893
idn0036 15.2363169365 37.1329261361 neg 4.91 4.95 3.71 1.57 1.21 1.06 1.02 pos 4.03 3.45 3.00 2.16 1.27 1.07 1.03 real MED med9167 9167 id01893
idn0037 15.5150928264 38.317335519 neg 5.21 4.87 3.88 3.01 1.33 1.07 1.02 pos 4.17 3.54 3.02 2.33 1.59 1.15 1.02 real MED med9111 9111 id01887
idn0038 15.5332180941 38.3243573936 neg 5.21 4.87 3.88 3.01 1.33 1.07 1.02 pos 4.17 3.54 3.02 2.33 1.59 1.15 1.02 real MED med9111 9111 id01887
idn0039 15.549820586 38.3143248108 neg 5.21 4.87 3.88 3.01 1.33 1.07 1.02 pos 4.17 3.54 3.02 2.33 1.59 1.15 1.02 real MED med9111 9111 id01887
idn0040 15.569737286 38.312997593 neg 5.21 4.87 3.88 3.01 1.33 1.07 1.02 pos 4.17 3.54 3.02 2.33 1.59 1.15 1.02 real MED med9111 9111 id01887
idn0041 15.5864594941 38.3024541246 neg 5.21 4.87 3.88 3.01 1.33 1.07 1.02 pos 4.17 3.54 3.02 2.33 1.59 1.15 1.02 real MED med9111 9111 id01887
idn0042 15.6001640537 38.2880787295 neg 5.23 4.34 3.62 1.64 1.08 1.04 1.01 pos 4.36 3.77 3.20 2.13 1.37 1.09 1.01 real MED med8767 8767 id01855
idn0043 15.6173562792 38.2789215382 neg 5.23 4.34 3.62 1.64 1.08 1.04 1.01 pos 4.36 3.77 3.20 2.13 1.37 1.09 1.01 real MED med8767 8767 id01855
idn0044 15.6371183187 38.276303235 neg 5.23 4.34 3.62 1.64 1.08 1.04 1.01 pos 4.36 3.77 3.20 2.13 1.37 1.09 1.01 real MED med8767 8767 id01855
idn0045 15.6534065521 38.2678140504 neg 5.23 4.34 3.62 1.64 1.08 1.04 1.01 pos 4.36 3.77 3.20 2.13 1.37 1.09 1.01 real MED med8767 8767 id01855
idn0046 15.6428477847 38.2619874563 neg 5.23 4.34 3.62 1.64 1.08 1.04 1.01 pos 4.36 3.77 3.20 2.13 1.37 1.09 1.01 real MED med8767 8767 id01855
idn0047 15.6242170185 38.25815397 neg 5.23 4.34 3.62 1.64 1.08 1.04 1.01 pos 4.36 3.77 3.20 2.13 1.37 1.09 1.01 real MED med8767 8767 id01855
idn0048 15.6067185835 38.2508289746 neg 5.23 4.34 3.62 1.64 1.08 1.04 1.01 pos 4.36 3.77 3.20 2.13 1.37 1.09 1.01 real MED med8767 8767 id01855
idn0049 15.5897814819 38.2424076432 neg 5.23 4.34 3.62 1.64 1.08 1.04 1.01 pos 4.36 3.77 3.20 2.13 1.37 1.09 1.01 real MED med8767 8767 id01855
idn0050 15.5757055125 38.2298439744 neg 5.23 4.34 3.62 1.64 1.08 1.04 1.01 pos 4.36 3.77 3.20 2.13 1.37 1.09 1.01 real MED med8767 8767 id01855
idn0051 15.5670023886 38.2132669428 neg 5.23 4.34 3.62 1.64 1.08 1.04 1.01 pos 4.36 3.77 3.20 2.13 1.37 1.09 1.01 real MED med8767 8767 id01855
idn0052 15.5602282098 38.1977546365 neg 5.21 4.87 3.88 3.01 1.33 1.07 1.02 pos 4.17 3.54 3.02 2.33 1.59 1.15 1.02 real MED med9123 9123 id01888
idn0053 15.5729645408 38.1976897627 neg 5.21 4.87 3.88 3.01 1.33 1.07 1.02 pos 4.17 3.54 3.02 2.33 1.59 1.15 1.02 real MED med9123 9123 id01888
idn0054 15.5668834445 38.1852316961 neg 5.21 4.87 3.88 3.01 1.33 1.07 1.02 pos 4.17 3.54 3.02 2.33 1.59 1.15 1.02 real MED med9123 9123 id01888
idn0055 15.5553720099 38.1699157991 neg 5.21 4.87 3.88 3.01 1.33 1.07 1.02 pos 4.17 3.54 3.02 2.33 1.59 1.15 1.02 real MED med9123 9123 id01888
idn0056 15.5421978315 38.1551687666 neg 5.21 4.87 3.88 3.01 1.33 1.07 1.02 pos 4.17 3.54 3.02 2.33 1.59 1.15 1.02 real MED med9123 9123 id01888
idn0057 15.5317145062 38.1386945165 neg 5.21 4.87 3.88 3.01 1.33 1.07 1.02 pos 4.17 3.54 3.02 2.33 1.59 1.15 1.02 real MED med9123 9123 id01888
idn0058 15.5212491219 38.1219901551 neg 5.21 4.87 3.88 3.01 1.33 1.07 1.02 pos 4.17 3.54 3.02 2.33 1.59 1.15 1.02 real MED med9123 9123 id01888
idn0059 15.5130207853 38.1042820873 neg 5.21 4.87 3.88 3.01 1.33 1.07 1.02 pos 4.17 3.54 3.02 2.33 1.59 1.15 1.02 real MED med9123 9123 id01888
idn0060 15.5054448305 38.0864817538 neg 5.21 4.87 3.88 3.01 1.33 1.07 1.02 pos 4.17 3.54 3.02 2.33 1.59 1.15 1.02 real MED med9123 9123 id01888
idn0061 15.499474812 38.0683092893 neg 5.21 4.87 3.88 3.01 1.33 1.07 1.02 pos 4.17 3.54 3.02 2.33 1.59 1.15 1.02 real MED med9123 9123 id01888
idn0062 15.4842267409 38.0557920797 neg 5.21 4.87 3.88 3.01 1.33 1.07 1.02 pos 4.17 3.54 3.02 2.33 1.59 1.15 1.02 real MED med9131 9131 id01889
idn0063 15.4692976565 38.0433254386 neg 5.21 4.87 3.88 3.01 1.33 1.07 1.02 pos 4.17 3.54 3.02 2.33 1.59 1.15 1.02 real MED med9131 9131 id01889
idn0064 15.4545615308 38.0309332293 neg 5.21 4.87 3.88 3.01 1.33 1.07 1.02 pos 4.17 3.54 3.02 2.33 1.59 1.15 1.02 real MED med9131 9131 id01889
idn0065 15.4436027332 38.0148213057 neg 5.21 4.87 3.88 3.01 1.33 1.07 1.02 pos 4.17 3.54 3.02 2.33 1.59 1.15 1.02 real MED med9131 9131 id01889
idn0066 15.4286196629 38.0034449366 neg 5.21 4.87 3.88 3.01 1.33 1.07 1.02 pos 4.17 3.54 3.02 2.33 1.59 1.15 1.02 real MED med9131 9131 id01889
idn0067 15.4147354363 37.989583847 neg 5.21 4.87 3.88 3.01 1.33 1.07 1.02 pos 4.17 3.54 3.02 2.33 1.59 1.15 1.02 real MED med9131 9131 id01889
idn0068 15.4015864682 37.9753400666 neg 5.21 4.87 3.88 3.01 1.33 1.07 1.02 pos 4.17 3.54 3.02 2.33 1.59 1.15 1.02 real MED med9131 9131 id01889
idn0069 15.3882782829 37.9617321462 neg 5.21 4.87 3.88 3.01 1.33 1.07 1.02 pos 4.17 3.54 3.02 2.33 1.59 1.15 1.02 real MED med9131 9131 id01889
idn0070 15.3756938263 37.9465205526 neg 5.21 4.87 3.88 3.01 1.33 1.07 1.02 pos 4.17 3.54 3.02 2.33 1.59 1.15 1.02 real MED med9131 9131 id01889
idn0071 15.3615175023 37.9326765365 neg 5.21 4.87 3.88 3.01 1.33 1.07 1.02 pos 4.17 3.54 3.02 2.33 1.59 1.15 1.02 real MED med9131 9131 id01889
idn0072 15.3494199888 37.9179676839 neg 2.32 1.28 1.13 1.03 1.01 1.00 1.00 pos 2.34 1.51 1.17 1.04 1.01 1.00 1.00 real MED med9138 9138 id01890
idn0073 15.3465539397 37.9024766128 neg 2.32 1.28 1.13 1.03 1.01 1.00 1.00 pos 2.34 1.51 1.17 1.04 1.01 1.00 1.00 real MED med9138 9138 id01890
idn0074 15.3317172691 37.8902738456 neg 2.32 1.28 1.13 1.03 1.01 1.00 1.00 pos 2.34 1.51 1.17 1.04 1.01 1.00 1.00 real MED med9138 9138 id01890
idn0075 15.3155117128 37.8823058548 neg 2.32 1.28 1.13 1.03 1.01 1.00 1.00 pos 2.34 1.51 1.17 1.04 1.01 1.00 1.00 real MED med9138 9138 id01890
idn0076 15.3047885484 37.8672176505 neg 2.32 1.28 1.13 1.03 1.01 1.00 1.00 pos 2.34 1.51 1.17 1.04 1.01 1.00 1.00 real MED med9138 9138 id01890
idn0077 15.3025176435 37.8477964976 neg 2.32 1.28 1.13 1.03 1.01 1.00 1.00 pos 2.34 1.51 1.17 1.04 1.01 1.00 1.00 real MED med9138 9138 id01890
idn0078 15.286616508 37.8367666115 neg 2.32 1.28 1.13 1.03 1.01 1.00 1.00 pos 2.34 1.51 1.17 1.04 1.01 1.00 1.00 real MED med9138 9138 id01890
idn0079 15.2810768981 37.8193239631 neg 2.32 1.28 1.13 1.03 1.01 1.00 1.00 pos 2.34 1.51 1.17 1.04 1.01 1.00 1.00 real MED med9138 9138 id01890
idn0080 15.264373967 37.8113724935 neg 2.32 1.28 1.13 1.03 1.01 1.00 1.00 pos 2.34 1.51 1.17 1.04 1.01 1.00 1.00 real MED med9138 9138 id01890
idn0081 15.2511175023 37.7969323279 neg 2.32 1.28 1.13 1.03 1.01 1.00 1.00 pos 2.34 1.51 1.17 1.04 1.01 1.00 1.00 real MED med9138 9138 id01890
idn0082 15.2378882494 37.7831046516 neg 2.32 1.28 1.13 1.03 1.01 1.00 1.00 pos 2.34 1.51 1.17 1.04 1.01 1.00 1.00 real MED med9138 9138 id01890
idn0083 15.2327106824 37.7653464876 neg 2.32 1.28 1.13 1.03 1.01 1.00 1.00 pos 2.34 1.51 1.17 1.04 1.01 1.00 1.00 real MED med9138 9138 id01890
idn0084 15.216674549 37.7541322392 neg 2.32 1.28 1.13 1.03 1.01 1.00 1.00 pos 2.34 1.51 1.17 1.04 1.01 1.00 1.00 real MED med9138 9138 id01890
idn0085 15.2106056096 37.7370985293 neg 2.32 1.28 1.13 1.03 1.01 1.00 1.00 pos 2.34 1.51 1.17 1.04 1.01 1.00 1.00 real MED med9138 9138 id01890
idn0086 15.2218028826 37.7209806036 neg 2.32 1.28 1.13 1.03 1.01 1.00 1.00 pos 2.34 1.51 1.17 1.04 1.01 1.00 1.00 real MED med9138 9138 id01890
idn0087 15.2246181414 37.7024210795 neg 2.32 1.28 1.13 1.03 1.01 1.00 1.00 pos 2.34 1.51 1.17 1.04 1.01 1.00 1.00 real MED med9138 9138 id01890
idn0088 15.2172237736 37.6839296896 neg 3.99 4.37 2.26 1.20 1.06 1.02 1.00 pos 2.93 2.49 2.18 1.34 1.13 1.02 1.01 real MED med9153 9153 id01891
idn0089 15.2095277298 37.6655649139 neg 3.99 4.37 2.26 1.20 1.06 1.02 1.00 pos 2.93 2.49 2.18 1.34 1.13 1.02 1.01 real MED med9153 9153 id01891
idn0090 15.199724761 37.6490521739 neg 3.99 4.37 2.26 1.20 1.06 1.02 1.00 pos 2.93 2.49 2.18 1.34 1.13 1.02 1.01 real MED med9153 9153 id01891
idn0091 15.1849438157 37.6360674522 neg 3.99 4.37 2.26 1.20 1.06 1.02 1.00 pos 2.93 2.49 2.18 1.34 1.13 1.02 1.01 real MED med9153 9153 id01891
idn0092 15.1778217826 37.6175713296 neg 3.99 4.37 2.26 1.20 1.06 1.02 1.00 pos 2.93 2.49 2.18 1.34 1.13 1.02 1.01 real MED med9153 9153 id01891
idn0093 15.1773634798 37.5981370351 neg 3.99 4.37 2.26 1.20 1.06 1.02 1.00 pos 2.93 2.49 2.18 1.34 1.13 1.02 1.01 real MED med9153 9153 id01891
idn0094 15.1816742006 37.5800631195 neg 3.99 4.37 2.26 1.20 1.06 1.02 1.00 pos 2.93 2.49 2.18 1.34 1.13 1.02 1.01 real MED med9153 9153 id01891
idn0095 15.1716577172 37.5634032726 neg 3.99 4.37 2.26 1.20 1.06 1.02 1.00 pos 2.93 2.49 2.18 1.34 1.13 1.02 1.01 real MED med9153 9153 id01891
idn0096 15.1594268783 37.548861789 neg 3.99 4.37 2.26 1.20 1.06 1.02 1.00 pos 2.93 2.49 2.18 1.34 1.13 1.02 1.01 real MED med9153 9153 id01891
idn0097 15.1430175145 37.538484406 neg 3.99 4.37 2.26 1.20 1.06 1.02 1.00 pos 2.93 2.49 2.18 1.34 1.13 1.02 1.01 real MED med9153 9153 id01891
idn0098 15.1266467399 37.529241274 neg 3.99 4.37 2.26 1.20 1.06 1.02 1.00 pos 2.93 2.49 2.18 1.34 1.13 1.02 1.01 real MED med9153 9153 id01891
idn0099 15.1175266122 37.5133986459 neg 3.99 4.37 2.26 1.20 1.06 1.02 1.00 pos 2.93 2.49 2.18 1.34 1.13 1.02 1.01 real MED med9153 9153 id01891
idn0100 15.1205544962 37.4938313056 neg 3.99 4.37 2.26 1.20 1.06 1.02 1.00 pos 2.93 2.49 2.18 1.34 1.13 1.02 1.01 real MED med9153 9153 id01891
idn0101 15.1256027583 37.4745796375 neg 3.99 4.37 2.26 1.20 1.06 1.02 1.00 pos 2.93 2.49 2.18 1.34 1.13 1.02 1.01 real MED med9153 9153 id01891
idn0102 15.13263757 37.4559516832 neg 3.99 4.37 2.26 1.20 1.06 1.02 1.00 pos 2.93 2.49 2.18 1.34 1.13 1.02 1.01 real MED med9153 9153 id01891
idn0103 15.1415595016 37.4384511336 neg 5.04 4.21 3.30 2.57 2.65 2.65 1.15 pos 4.15 3.55 3.08 2.35 2.14 2.04 1.46 real MED med9159 9159 id01892
idn0104 15.1485403475 37.4198419167 neg 5.04 4.21 3.30 2.57 2.65 2.65 1.15 pos 4.15 3.55 3.08 2.35 2.14 2.04 1.46 real MED med9159 9159 id01892
idn0105 15.1537296632 37.4009989493 neg 5.04 4.21 3.30 2.57 2.65 2.65 1.15 pos 4.15 3.55 3.08 2.35 2.14 2.04 1.46 real MED med9159 9159 id01892
idn0106 15.1528066673 37.3818411012 neg 5.04 4.21 3.30 2.57 2.65 2.65 1.15 pos 4.15 3.55 3.08 2.35 2.14 2.04 1.46 real MED med9159 9159 id01892
idn0107 15.1580593703 37.3626417445 neg 5.04 4.21 3.30 2.57 2.65 2.65 1.15 pos 4.15 3.55 3.08 2.35 2.14 2.04 1.46 real MED med9159 9159 id01892
idn0108 15.1669088839 37.3456311291 neg 5.04 4.21 3.30 2.57 2.65 2.65 1.15 pos 4.15 3.55 3.08 2.35 2.14 2.04 1.46 real MED med9159 9159 id01892
idn0109 15.1809995572 37.3314811583 neg 5.04 4.21 3.30 2.57 2.65 2.65 1.15 pos 4.15 3.55 3.08 2.35 2.14 2.04 1.46 real MED med9159 9159 id01892
idn0110 15.1958211206 37.3181111519 neg 5.04 4.21 3.30 2.57 2.65 2.65 1.15 pos 4.15 3.55 3.08 2.35 2.14 2.04 1.46 real MED med9159 9159 id01892
idn0111 15.2103753391 37.3046789713 neg 5.04 4.21 3.30 2.57 2.65 2.65 1.15 pos 4.15 3.55 3.08 2.35 2.14 2.04 1.46 real MED med9159 9159 id01892
idn0112 15.2217289045 37.2891397709 neg 5.04 4.21 3.30 2.57 2.65 2.65 1.15 pos 4.15 3.55 3.08 2.35 2.14 2.04 1.46 real MED med9159 9159 id01892
idn0113 15.2370013961 37.2766499105 neg 4.91 4.95 3.71 1.57 1.21 1.06 1.02 pos 4.03 3.45 3.00 2.16 1.27 1.07 1.03 real MED med9167 9167 id01893
idn0114 15.25014529 37.2620651419 neg 4.91 4.95 3.71 1.57 1.21 1.06 1.02 pos 4.03 3.45 3.00 2.16 1.27 1.07 1.03 real MED med9167 9167 id01893
idn0115 15.263853353 37.247986638 neg 4.91 4.95 3.71 1.57 1.21 1.06 1.02 pos 4.03 3.45 3.00 2.16 1.27 1.07 1.03 real MED med9167 9167 id01893
idn0116 15.2741903842 37.2330883806 neg 4.91 4.95 3.71 1.57 1.21 1.06 1.02 pos 4.03 3.45 3.00 2.16 1.27 1.07 1.03 real MED med9167 9167 id01893
idn0117 15.2575416894 37.2248895532 neg 4.91 4.95 3.71 1.57 1.21 1.06 1.02 pos 4.03 3.45 3.00 2.16 1.27 1.07 1.03 real MED med9167 9167 id01893
idn0118 15.2439095576 37.2126787585 neg 4.91 4.95 3.71 1.57 1.21 1.06 1.02 pos 4.03 3.45 3.00 2.16 1.27 1.07 1.03 real MED med9167 9167 id01893
idn0119 15.2393263475 37.1944138773 neg 4.91 4.95 3.71 1.57 1.21 1.06 1.02 pos 4.03 3.45 3.00 2.16 1.27 1.07 1.03 real MED med9167 9167 id01893
idn0120 15.2456583628 37.1755973105 neg 4.91 4.95 3.71 1.57 1.21 1.06 1.02 pos 4.03 3.45 3.00 2.16 1.27 1.07 1.03 real MED med9167 9167 id01893
idn0121 15.2558840412 37.1588420753 neg 4.91 4.95 3.71 1.57 1.21 1.06 1.02 pos 4.03 3.45 3.00 2.16 1.27 1.07 1.03 real MED med9167 9167 id01893
idn0122 15.2624416282 37.1405926243 neg 4.91 4.95 3.71 1.57 1.21 1.06 1.02 pos 4.03 3.45 3.00 2.16 1.27 1.07 1.03 real MED med9167 9167 id01893
idn0123 15.2764342985 37.1268473753 neg 4.91 4.95 3.71 1.57 1.21 1.06 1.02 pos 4.03 3.45 3.00 2.16 1.27 1.07 1.03 real MED med9167 9167 id01893
idn0124 15.2902321406 37.1129286111 neg 5.85 5.43 4.73 4.08 1.58 1.32 1.06 pos 4.75 4.18 3.68 2.77 2.21 1.34 1.08 real MED med9174 9174 id01894
idn0125 15.3068574948 37.102504192 neg 5.85 5.43 4.73 4.08 1.58 1.32 1.06 pos 4.75 4.18 3.68 2.77 2.21 1.34 1.08 real MED med9174 9174 id01894
idn0126 15.3090659568 37.0835282964 neg 5.85 5.43 4.73 4.08 1.58 1.32 1.06 pos 4.75 4.18 3.68 2.77 2.21 1.34 1.08 real MED med9174 9174 id01894
idn0127 15.3092881112 37.0638544991 neg 5.85 5.43 4.73 4.08 1.58 1.32 1.06 pos 4.75 4.18 3.68 2.77 2.21 1.34 1.08 real MED med9174 9174 id01894
idn0128 15.3101726897 37.0469594056 neg 5.85 5.43 4.73 4.08 1.58 1.32 1.06 pos 4.75 4.18 3.68 2.77 2.21 1.34 1.08 real MED med9174 9174 id01894
idn0129 15.3224057572 37.0330769449 neg 5.85 5.43 4.73 4.08 1.58 1.32 1.06 pos 4.75 4.18 3.68 2.77 2.21 1.34 1.08 real MED med9174 9174 id01894
idn0130 15.3348314104 37.0200347009 neg 5.85 5.43 4.73 4.08 1.58 1.32 1.06 pos 4.75 4.18 3.68 2.77 2.21 1.34 1.08 real MED med9174 9174 id01894
idn0131 15.3407201341 37.004281811 neg 5.85 5.43 4.73 4.08 1.58 1.32 1.06 pos 4.75 4.18 3.68 2.77 2.21 1.34 1.08 real MED med9174 9174 id01894
idn0132 15.3299310686 36.998479162 neg 5.85 5.43 4.73 4.08 1.58 1.32 1.06 pos 4.75 4.18 3.68 2.77 2.21 1.34 1.08 real MED med9174 9174 id01894
idn0133 15.3107259391 36.9963250328 neg 5.85 5.43 4.73 4.08 1.58 1.32 1.06 pos 4.75 4.18 3.68 2.77 2.21 1.34 1.08 real MED med9174 9174 id01894
idn0134 15.2930151809 36.9931497851 neg 5.85 5.43 4.73 4.08 1.58 1.32 1.06 pos 4.75 4.18 3.68 2.77 2.21 1.34 1.08 real MED med9174 9174 id01894
idn0135 15.281620759 36.9775539492 neg 5.85 5.43 4.73 4.08 1.58 1.32 1.06 pos 4.75 4.18 3.68 2.77 2.21 1.34 1.08 real MED med9174 9174 id01894
idn0136 15.2711205183 36.9613151934 neg 5.85 5.43 4.73 4.08 1.58 1.32 1.06 pos 4.75 4.18 3.68 2.77 2.21 1.34 1.08 real MED med9174 9174 id01894
idn0137 15.252192989 36.9575069527 neg 5.63 4.81 4.05 3.38 2.13 1.29 1.06 pos 4.63 4.08 3.63 2.91 2.36 1.60 1.12 real MED med9183 9183 id01895
idn0138 15.233081697 36.952520336 neg 5.63 4.81 4.05 3.38 2.13 1.29 1.06 pos 4.63 4.08 3.63 2.91 2.36 1.60 1.12 real MED med9183 9183 id01895
idn0139 15.2165265463 36.9427720273 neg 5.63 4.81 4.05 3.38 2.13 1.29 1.06 pos 4.63 4.08 3.63 2.91 2.36 1.60 1.12 real MED med9183 9183 id01895
idn0140 15.201747006 36.9299921002 neg 5.63 4.81 4.05 3.38 2.13 1.29 1.06 pos 4.63 4.08 3.63 2.91 2.36 1.60 1.12 real MED med9183 9183 id01895
idn0141 15.1886321839 36.9156373143 neg 5.63 4.81 4.05 3.38 2.13 1.29 1.06 pos 4.63 4.08 3.63 2.91 2.36 1.60 1.12 real MED med9183 9183 id01895
idn0142 15.1795379856 36.8986460888 neg 5.63 4.81 4.05 3.38 2.13 1.29 1.06 pos 4.63 4.08 3.63 2.91 2.36 1.60 1.12 real MED med9183 9183 id01895
idn0143 15.1732938928 36.8801828656 neg 5.63 4.81 4.05 3.38 2.13 1.29 1.06 pos 4.63 4.08 3.63 2.91 2.36 1.60 1.12 real MED med9183 9183 id01895
idn0144 15.1764373161 36.8618444395 neg 5.63 4.81 4.05 3.38 2.13 1.29 1.06 pos 4.63 4.08 3.63 2.91 2.36 1.60 1.12 real MED med9183 9183 id01895
idn0145 15.1769655234 36.8451040443 neg 5.63 4.81 4.05 3.38 2.13 1.29 1.06 pos 4.63 4.08 3.63 2.91 2.36 1.60 1.12 real MED med9183 9183 id01895
idn0146 15.1638640422 36.831982045 neg 5.63 4.81 4.05 3.38 2.13 1.29 1.06 pos 4.63 4.08 3.63 2.91 2.36 1.60 1.12 real MED med9183 9183 id01895
idn0147 15.162048452 36.8126970735 neg 5.63 4.81 4.05 3.38 2.13 1.29 1.06 pos 4.63 4.08 3.63 2.91 2.36 1.60 1.12 real MED med9183 9183 id01895
idn0148 15.1657969896 36.7930892819 neg 5.59 4.71 3.92 3.35 3.44 2.21 1.38 pos 4.70 4.13 3.64 2.95 2.60 2.29 1.46 real MED med9189 9189 id01896
idn0149 15.168630036 36.7733254391 neg 5.59 4.71 3.92 3.35 3.44 2.21 1.38 pos 4.70 4.13 3.64 2.95 2.60 2.29 1.46 real MED med9189 9189 id01896
idn0150 15.1710056017 36.7536859535 neg 5.59 4.71 3.92 3.35 3.44 2.21 1.38 pos 4.70 4.13 3.64 2.95 2.60 2.29 1.46 real MED med9189 9189 id01896
idn0151 15.1738834769 36.7342881119 neg 5.59 4.71 3.92 3.35 3.44 2.21 1.38 pos 4.70 4.13 3.64 2.95 2.60 2.29 1.46 real MED med9189 9189 id01896
idn0152 15.1820518215 36.7164496989 neg 5.59 4.71 3.92 3.35 3.44 2.21 1.38 pos 4.70 4.13 3.64 2.95 2.60 2.29 1.46 real MED med9189 9189 id01896
idn0153 15.1801067203 36.6970732584 neg 5.59 4.71 3.92 3.35 3.44 2.21 1.38 pos 4.70 4.13 3.64 2.95 2.60 2.29 1.46 real MED med9189 9189 id01896
